   5       0.8721     0.001     147.12       20.98     2510.6   0.0761   9.0257      2489.62    8.9496     2382.3      20.9791     2361.32 
  10       1.2276     0.001     106.38       42.01     2519.8    0.151   8.9008      2477.79    8.7498    2389.21      42.0088      2347.2 
  15       1.7051  0.001001      77.93       62.99     2528.9   0.2245   8.7814      2465.91    8.5569    2396.02      62.9883     2333.03 
  20        2.339  0.001002      57.79       83.96     2538.1   0.2966   8.6672      2454.14    8.3706    2402.93      83.9577     2318.97 
  25        3.169  0.001003      43.36      104.89     2547.2   0.3674    8.558      2442.31    8.1906    2409.79      104.887     2304.91 
  30        4.246  0.001004      32.89      125.79     2556.3   0.4369   8.4533      2430.51    8.0164    2416.65      125.786     2290.86 
  35        5.628  0.001006      25.22      146.68     2565.3   0.5053   8.3531      2418.62    7.8478    2423.36      146.674     2276.69 
  40        7.384  0.001008      19.52      167.57     2574.3   0.5725    8.257      2406.73    7.6845    2430.16      167.563      2262.6 
  45        9.593   0.00101      15.26      188.45     2583.2   0.6387   8.1648      2394.75    7.5261    2436.81       188.44     2248.37 
  50       12.349  0.001012      12.03      209.33     2592.1   0.7038   8.0763      2382.77    7.3725    2443.54      209.318     2234.22 
  55       15.758  0.001015      9.568      230.23     2600.9   0.7679   7.9913      2370.67    7.2234    2450.13      230.214     2219.91 
  60        19.94  0.001017      7.671      251.13     2609.6   0.8312   7.9096      2358.47    7.0784    2456.64       251.11     2205.53 
  65        25.03   0.00102      6.197      272.06     2618.3   0.8935    7.831      2346.24    6.9375    2463.19      272.034     2191.15 
  70        31.19  0.001023      5.042      292.98     2626.8   0.9549   7.7553      2333.82    6.8004    2469.54      292.948     2176.59 
  75        38.58  0.001026      4.131      313.93     2635.3   1.0155   7.6824      2321.37    6.6669    2475.93       313.89     2162.04 
  80        47.39  0.001029      3.407      334.91     2643.7   1.0753   7.6122      2308.79    6.5369    2482.24      334.861     2147.38 
  85        57.83  0.001033      2.828       355.9     2651.9   1.1343   7.7545         2296    6.6202    2488.36       355.84     2132.52 
  90        70.14  0.001036      2.361      376.92     2660.1   1.1925   7.4791      2283.18    6.2866     2494.5      376.847     2117.65 
  95        84.55   0.00104      1.982      397.96     2668.1     1.25   7.4159      2270.14    6.1659    2500.52      397.872     2102.65 
 100       101.35  0.001044     1.6729      419.04     2676.1   1.3069   7.3549      2257.06     6.048    2506.55      418.934     2087.62 
 105       120.82  0.001048     1.4194      440.15     2683.8    1.363   7.2958      2243.65    5.9328    2512.31      440.023     2072.28 
 110       143.27  0.001052     1.2102       461.3     2691.5   1.4185   7.2387       2230.2    5.8202    2518.11      461.149     2056.97 
 115       169.06  0.001056     1.0366      482.48       2699   1.4734   7.1833      2216.52    5.7099    2523.75      482.301     2041.45 
 120       198.53   0.00106     0.8919      503.71     2706.3   1.5276   7.1296      2202.59     5.602    2529.23        503.5     2025.73 
 125        232.1  0.001065     0.7706      524.99     2713.5   1.5813   7.0775      2188.51    5.4962    2534.64      524.743      2009.9 
 130        270.1   0.00107     0.6685      546.31     2720.5   1.6344   7.0269      2174.19    5.3925    2539.94      546.021     1993.92 
 135          313  0.001075     0.5822      567.69     2727.3    1.687   6.9777      2159.61    5.2907    2545.07      567.354     1977.72 
 140        361.3   0.00108     0.5089      589.13     2733.9   1.7391   6.9299      2144.77    5.1908    2550.03       588.74     1961.29 
 145        415.4  0.001085     0.4463      610.63     2740.3   1.7907   6.8833      2129.67    5.0926    2554.91      610.179     1944.73 
 150        475.8  0.001091     0.3928       632.2     2746.5   1.8418   6.8379       2114.3    4.9961    2559.61      631.681     1927.92 
 155        543.1  0.001096     0.3468      653.84     2752.4   1.8925   6.7935      2098.56     4.901    2564.05      653.245     1910.81 
 160        617.8  0.001102     0.3071      675.55     2758.1   1.9427   6.7502      2082.55    4.8075    2568.37      674.869      1893.5 
 165        700.5  0.001108     0.2727      697.34     2763.5   1.9925   6.7078      2066.16    4.7153    2572.47      696.564     1875.91 
 170        791.7  0.001114     0.2428      719.21     2768.7   2.0419   6.6663      2049.49    4.6244    2576.48      718.328     1858.15 
 175          892  0.001121     0.2168      741.17     2773.6   2.0909   6.6256      2032.43    4.5347    2580.21       740.17     1840.04 
 180       1002.1  0.001127    0.19405      763.22     2778.2   2.1396   6.5857      2014.98    4.4461    2583.74      762.091     1821.65 
 185       1122.7  0.001134    0.17409      785.37     2782.4   2.1879   6.5465      1997.03    4.3586    2586.95      784.097     1802.85 
 190       1254.4  0.001141    0.15654      807.62     2786.4   2.2359   6.5079      1978.78     4.272    2590.04      806.189     1783.85 
 195       1397.8  0.001149    0.14105      829.98       2790   2.2835   6.4698      1960.02    4.1863    2592.84      828.374     1764.47 
 200       1553.8  0.001157    0.12736      852.45     2793.2   2.3309   6.4323      1940.75    4.1014    2595.31      850.652     1744.66 
 205         1723  0.001164    0.11521      875.04       2796    2.378   6.3952      1920.96    4.0172    2597.49      873.034     1724.46 
 210       1906.2  0.001173    0.10441      897.76     2798.5   2.4248   6.3585      1900.74    3.9337    2599.47      895.524     1703.95 
 215         2104  0.001181    0.09479      920.62     2800.5   2.4714   6.3221      1879.88    3.8507    2601.06      918.135     1682.93 
 220         2318   0.00119    0.08619      943.62     2802.1   2.5178   6.2861      1858.48    3.7683    2602.31      940.862     1661.45 
 225         2548  0.001199    0.07849      966.78     2803.3   2.5639   6.2503      1836.52    3.6864    2603.31      963.725     1639.58 
 230         2795  0.001209    0.07158      990.12       2804   2.6099   6.2146      1813.88    3.6047    2603.93      986.741     1617.19 
 235         3060  0.001219    0.06537     1013.62     2804.2    2.658   6.1791      1790.58    3.5211    2604.17      1009.89     1594.28 
 240         3344  0.001229    0.05976     1037.32     2803.8   2.7015   6.1437      1766.48    3.4422    2603.96      1033.21     1570.75 
 245         3648   0.00124    0.05471     1061.23       2803   2.7472   6.1083      1741.77    3.3611    2603.42      1056.71     1546.71 
 250         3973  0.001251    0.05013     1085.36     2801.5   2.7927    6.073      1716.14    3.2803    2602.33      1080.39     1521.94 
 255         4319  0.001263    0.04598     1109.73     2799.5   2.8383   6.0375      1689.77    3.1992    2600.91      1104.28     1496.64 
 260         4688  0.001276    0.04221     1134.37     2796.9   2.8838   6.0019      1662.53    3.1181    2599.02      1128.39     1470.63 
 265         5081  0.001289    0.03877     1159.28     2793.6   2.9294   5.9662      1634.32    3.0368    2596.61      1152.73     1443.88 
 270         5499  0.001302    0.03564     1184.51     2789.7   2.9751   5.9301      1605.19     2.955    2593.72      1177.35     1416.37 
 275         5942  0.001317    0.03279     1210.07       2785   3.0208   5.8938      1574.93     2.873    2590.16      1202.24     1387.92 
 280         6412  0.001332    0.03017     1235.99     2779.6   3.0668   5.8571      1543.61    2.7903    2586.15      1227.45      1358.7 
 285         6909  0.001348    0.02777     1262.31     2773.3    3.113   5.8199      1510.99    2.7069    2581.44         1253     1328.44 
 290         7436  0.001366    0.02557     1289.07     2766.2   3.1594   5.7821      1477.13    2.6227    2576.06      1278.91     1297.15 
 295         7993  0.001384    0.02354      1316.3     2758.1   3.2062   5.7437       1441.8    2.5375    2569.94      1305.24     1264.71 
 300         8581  0.001404    0.02167        1344       2749   3.2534   5.7045         1405    2.4511    2563.05      1331.95      1231.1 
 305         9202  0.001425   0.019948      1372.4     2738.7    3.301   5.6643       1366.3    2.3633    2555.14      1359.29     1195.85 
 310         9856  0.001447    0.01835      1401.3     2727.3   3.3493    5.623         1326    2.2737    2546.44      1387.04      1159.4 
 315        10547  0.001472   0.016867        1431     2714.5   3.3982   5.5804       1283.5    2.1822     2536.6      1415.47     1121.13 
 320        11274  0.001499   0.015488      1461.5     2700.1    3.448   5.5362       1238.6    2.0882    2525.49       1444.6     1080.89 
 325      12059.5   0.00153   0.014242      1493.4       2683  3.49935  5.48895       1189.6    1.9896    2511.25      1474.95      1036.3 
 330        12845  0.001561   0.012996      1525.3     2665.9   3.5507   5.4417       1140.6     1.891    2498.97      1505.25     993.717 
 335      13715.5 0.0015995  0.0118965     1559.75    2643.95  3.60505   5.3887       1084.2   1.78365    2480.78      1537.81     942.971 
 340        14586  0.001638   0.010797      1594.2       2622   3.6594   5.3357       1027.8    1.6763    2464.51      1570.31     894.207 
 345      15549.5  0.001689   0.009805      1632.4    2592.95  3.71855  5.27345       960.55    1.5549    2440.49      1606.14      834.35 
 350        16513   0.00174   0.008813      1670.6     2563.9   3.7777   5.2112        893.3    1.4335    2418.37      1641.87     776.504 
 355        17582 0.0018165   0.007879     1715.55    2522.45   3.8462   5.1319        806.9    1.2857    2383.92      1683.61     700.309 
 360        18651  0.001893   0.006945      1760.5       2481   3.9147   5.0526        720.5    1.1379    2351.47      1725.19     626.275 
 365      19840.5  0.002053   0.005935      1825.5    2406.55  4.01265  4.92485       581.05    0.9122     2288.8      1784.77     504.029 
 370        21030  0.002213   0.004925      1890.5     2332.1   4.1106   4.7971        441.6    0.6865    2228.53      1843.96     384.567 
